889652237268,1
889652237299,1
889652237343,1
889652237329,1
0889652237282,1
889652237268,1
889652237275,1
0889652237350,1
889652237329,1
0889652237336,1
0889652237343,1
889652237251,1
0889652237305,1
889652237305,1
889652237244,1
889652237312,1
889652237329,1
889652237343,1
0889652237244,1
0889652237237,1
889652237299,1
889652237367,1
889652237312,1
889652237367,1
889652237275,1
889652237244,1
889652237299,1
0889652237275,1
889652237367,1
889652237312,1
