889652447445,1
889652364995,1
889652228556,1
889652365312,1
889652365312,1
889652426822,1
889652447445,1
0889652421728,1
0889652421728,1
889652421728,1
889652421728,1
889652421728,1
889652228556,1
889652365022,1
0889652426822,1
889652424675,1
889652446523,1
889652446523,1
0889652426822,1
889652426822,1
889652426822,1
889652365022,1
889652364995,1
889652424675,1
889652250533,1
889652365312,1
889652447049,1
889652424651,1
889652424651,1
889652424668,1
0889652424668,1
889652424668,1
889652250151,1
889652426846,1
889652426846,1
889652364988,1
889652209050,1
889652280561,1
889652229300,1
889652229430,1
889652280424,1
