889652482996,1
889652349374,1
889652424491,1
889652351353,1
889652351131,1
889652423920,1
889652422565,1
889652316581,1
889652424507,1
889652482712,1
889652351230,1
889652424460,1
889652423937,1
889652324395,1
889652483177,1
889652482897,1
889652423968,1
889652316604,1
889652423982,1
889652351124,1
889652482705,1
889652482668,1
889652316307,1
889652483146,1
889652316406,1
889652315232,1
889652316338,1
889652316055,1
889652482729,1
889652402147,1
889652351612,1
889652316680,1
889652316345,1
889652349657,1
889652482675,1
889652485058,1
889652316024,1
889652423135,1
889652349381,1
889652423999,1
889652484662,1
889652488363,1
0889652484709,1
889652484686,1
889652351223,1
889652316093,1
