843023136239,1
0843023137434,1
843023158736,1
843023103682,1
843023106386,1
843023135492,1
0843023104061,1
843023157210,1
0843023136062,1
0843023173289,1
843023158156,1
843023136642,1
0843023136215,1
843023140076,1
843023172114,1
0843023105785,1
0843023104160,1
843023139759,1
843023159672,1
843023103309,1
843023104061,1
843023172824,1
843023139742,1
0843023172930,1
843023159610,1
0843023157821,1
843023155711,1
843023102746,1
843023172732,1
843023137366,1
843023159672,1
843023173234,1
843023135751,1
843023144562,1
0843023172831,1
0843023155544,1
843023173159,1
0843023104078,1
843023135775,1
843023172725,1
