0889652320427,1
889652320304,1
0889652320304,1
0889652320427,1
0889652320427,1
0889652320304,1
0889652395913,1
0889652395913,1
0889652403601,1
0889652403601,1
0889652396538,1
0889652396538,1
0889652320304,1
889652320304,1
0889652320304,1
0889652262147,1
0889652403601,1
0889652320304,1
0889652395913,1
0889652395913,1
0889652320427,1
0889652262147,1
889652320427,1
889652320427,1
0889652395913,1
0889652396538,1
0889652395913,1
889652396538,1
0889652262147,1
0889652262147,1
0889652320427,1
0889652403601,1
0889652363486,1
0889652262147,1
0889652320427,1
0889652262147,1
0889652262147,1
889652363486,1
0889652363486,1
0889652262147,1
0889652363486,1
889652262147,1
0889652262147,1
0889652363486,1
0889652363486,1
0889652363486,1
0889652363486,1
889652363486,1
889652363486,1
